8:
  circular_variance: 0.845461368560791
  circular_kurtosis: 0.9401031732559204
4:
  circular_variance: 0.3782235085964203
  circular_kurtosis: 2.005699396133423
2:
  circular_variance: 0.13096176087856293
  circular_kurtosis: 0.8157747387886047
1:
  circular_variance: 0.048810724169015884
  circular_kurtosis: 15.419028282165527
