8:
  circular_variance: 0.9291054010391235
  circular_kurtosis: 0.8547417521476746
4:
  circular_variance: 0.3355943262577057
  circular_kurtosis: 1.8205195665359497
2:
  circular_variance: 0.06026698648929596
  circular_kurtosis: 0.8950772881507874
1:
  circular_variance: 0.014037883840501308
  circular_kurtosis: 6.284412384033203
