8:
  circular_variance: 1.1451302766799927
  circular_kurtosis: 0.5479353070259094
4:
  circular_variance: 0.5326992273330688
  circular_kurtosis: 1.392777681350708
2:
  circular_variance: 0.22230342030525208
  circular_kurtosis: 2.0228846073150635
1:
  circular_variance: 0.10655784606933594
  circular_kurtosis: 2.9481732845306396
